20
13 14 10 11 9 6 19 1 4 2 16 3 17 5 8 18 7 12 15 20
16 10 14 8 9 15 3 6 12 4 7 18 19 20 17 2 13 5 11 1
17 3 13 9 16 7 2 18 8 19 20 15 10 14 4 12 5 6 1 11
4 20 19 10 6 7 3 12 2 13 11 15 16 17 14 9 1 8 18 5
7 11 9 14 6 4 15 1 20 16 17 13 2 10 8 12 18 3 5 19
15 16 7 5 11 10 4 17 8 20 18 6 19 2 12 1 3 9 14 13
2 16 1 14 12 11 10 20 18 15 4 3 13 6 8 5 9 17 7 19
4 20 19 9 12 11 5 10 7 18 14 8 6 3 15 1 2 16 17 13
7 15 18 8 3 19 4 1 14 13 2 9 12 17 10 20 6 11 5 16
12 17 9 8 7 20 16 10 18 15 4 11 5 1 13 19 2 3 6 14
9 10 17 12 5 8 16 15 4 20 6 19 1 2 11 14 3 18 7 13
1 13 16 12 8 15 14 6 17 20 4 7 18 5 10 9 3 11 2 19
19 9 1 5 10 16 6 18 20 11 13 4 12 14 7 17 2 8 15 3
15 17 8 1 5 20 10 13 18 2 7 4 14 9 6 16 19 12 3 11
13 4 15 17 20 10 1 7 14 5 3 18 8 9 6 11 2 16 12 19
14 11 17 2 6 19 8 18 10 16 13 7 15 4 1 5 12 3 9 20
7 2 8 4 1 11 14 10 15 17 20 9 19 5 12 13 3 18 6 16
16 1 10 7 20 13 3 6 9 19 18 11 5 8 2 4 15 14 12 17
12 15 3 9 20 13 14 6 8 16 19 10 2 18 1 4 17 11 7 5
20 10 2 3 11 5 18 7 17 8 6 15 13 14 16 9 19 4 1 12
17 9 12 10 4 16 15 8 2 7 11 18 20 1 5 13 3 6 19 14
18 1 11 7 5 10 20 15 6 16 17 13 2 4 3 8 9 14 19 12
15 13 10 4 1 5 9 2 3 8 20 12 16 17 19 18 14 7 6 11
11 2 10 4 1 18 19 14 13 12 16 9 20 5 6 15 3 7 17 8
10 1 8 2 12 4 16 14 19 17 13 11 9 5 3 20 15 18 6 7
17 15 12 19 11 9 1 20 13 7 10 8 2 6 3 16 5 18 4 14
13 4 5 2 8 7 3 12 18 16 14 9 17 19 10 15 20 1 11 6
12 20 7 17 19 3 8 15 6 4 14 18 9 5 10 13 16 2 11 1
18 17 9 3 7 14 12 11 5 20 1 19 6 16 2 8 15 13 4 10
17 20 9 3 16 13 8 7 5 1 19 12 14 10 15 2 18 11 4 6
2 15 6 1 3 20 8 14 11 5 4 12 19 17 10 13 18 9 7 16
6 2 18 9 1 4 14 20 19 13 10 12 17 16 5 8 15 3 11 7
4 17 13 3 1 19 5 20 9 2 12 10 14 7 15 6 18 11 8 16
10 3 7 2 13 19 11 18 9 4 6 17 14 16 8 12 15 20 1 5
15 12 14 9 16 17 20 1 11 18 8 4 19 5 2 7 10 3 6 13
4 2 12 7 14 3 15 13 10 6 16 18 5 17 8 1 19 20 11 9
9 4 5 19 15 7 8 6 12 10 17 1 11 20 2 14 18 13 16 3
8 4 2 18 16 5 12 1 6 9 13 7 19 14 11 3 15 10 20 17
5 19 15 11 9 1 18 16 12 2 10 3 20 8 7 6 14 4 13 17
14 7 18 6 3 10 12 17 11 5 8 2 13 15 1 20 4 19 16 9


